{
 "cells": [
  {
   "cell_type": "code",
   "execution_count": 2,
   "metadata": {},
   "outputs": [
    {
     "data": {
      "text/html": [
       "<div>\n",
       "<style scoped>\n",
       "    .dataframe tbody tr th:only-of-type {\n",
       "        vertical-align: middle;\n",
       "    }\n",
       "\n",
       "    .dataframe tbody tr th {\n",
       "        vertical-align: top;\n",
       "    }\n",
       "\n",
       "    .dataframe thead th {\n",
       "        text-align: right;\n",
       "    }\n",
       "</style>\n",
       "<table border=\"1\" class=\"dataframe\">\n",
       "  <thead>\n",
       "    <tr style=\"text-align: right;\">\n",
       "      <th></th>\n",
       "      <th>MedInc</th>\n",
       "      <th>HouseAge</th>\n",
       "      <th>AveRooms</th>\n",
       "      <th>AveBedrms</th>\n",
       "      <th>Population</th>\n",
       "      <th>AveOccup</th>\n",
       "      <th>Latitude</th>\n",
       "      <th>Longitude</th>\n",
       "      <th>value</th>\n",
       "    </tr>\n",
       "  </thead>\n",
       "  <tbody>\n",
       "    <tr>\n",
       "      <th>MedInc</th>\n",
       "      <td>1.000000</td>\n",
       "      <td>-0.119034</td>\n",
       "      <td>0.326895</td>\n",
       "      <td>-0.062040</td>\n",
       "      <td>0.004834</td>\n",
       "      <td>0.018766</td>\n",
       "      <td>-0.079809</td>\n",
       "      <td>-0.015176</td>\n",
       "      <td>0.688075</td>\n",
       "    </tr>\n",
       "    <tr>\n",
       "      <th>HouseAge</th>\n",
       "      <td>-0.119034</td>\n",
       "      <td>1.000000</td>\n",
       "      <td>-0.153277</td>\n",
       "      <td>-0.077747</td>\n",
       "      <td>-0.296244</td>\n",
       "      <td>0.013191</td>\n",
       "      <td>0.011173</td>\n",
       "      <td>-0.108197</td>\n",
       "      <td>0.105623</td>\n",
       "    </tr>\n",
       "    <tr>\n",
       "      <th>AveRooms</th>\n",
       "      <td>0.326895</td>\n",
       "      <td>-0.153277</td>\n",
       "      <td>1.000000</td>\n",
       "      <td>0.847621</td>\n",
       "      <td>-0.072213</td>\n",
       "      <td>-0.004852</td>\n",
       "      <td>0.106389</td>\n",
       "      <td>-0.027540</td>\n",
       "      <td>0.151948</td>\n",
       "    </tr>\n",
       "    <tr>\n",
       "      <th>AveBedrms</th>\n",
       "      <td>-0.062040</td>\n",
       "      <td>-0.077747</td>\n",
       "      <td>0.847621</td>\n",
       "      <td>1.000000</td>\n",
       "      <td>-0.066197</td>\n",
       "      <td>-0.006181</td>\n",
       "      <td>0.069721</td>\n",
       "      <td>0.013344</td>\n",
       "      <td>-0.046701</td>\n",
       "    </tr>\n",
       "    <tr>\n",
       "      <th>Population</th>\n",
       "      <td>0.004834</td>\n",
       "      <td>-0.296244</td>\n",
       "      <td>-0.072213</td>\n",
       "      <td>-0.066197</td>\n",
       "      <td>1.000000</td>\n",
       "      <td>0.069863</td>\n",
       "      <td>-0.108785</td>\n",
       "      <td>0.099773</td>\n",
       "      <td>-0.024650</td>\n",
       "    </tr>\n",
       "    <tr>\n",
       "      <th>AveOccup</th>\n",
       "      <td>0.018766</td>\n",
       "      <td>0.013191</td>\n",
       "      <td>-0.004852</td>\n",
       "      <td>-0.006181</td>\n",
       "      <td>0.069863</td>\n",
       "      <td>1.000000</td>\n",
       "      <td>0.002366</td>\n",
       "      <td>0.002476</td>\n",
       "      <td>-0.023737</td>\n",
       "    </tr>\n",
       "    <tr>\n",
       "      <th>Latitude</th>\n",
       "      <td>-0.079809</td>\n",
       "      <td>0.011173</td>\n",
       "      <td>0.106389</td>\n",
       "      <td>0.069721</td>\n",
       "      <td>-0.108785</td>\n",
       "      <td>0.002366</td>\n",
       "      <td>1.000000</td>\n",
       "      <td>-0.924664</td>\n",
       "      <td>-0.144160</td>\n",
       "    </tr>\n",
       "    <tr>\n",
       "      <th>Longitude</th>\n",
       "      <td>-0.015176</td>\n",
       "      <td>-0.108197</td>\n",
       "      <td>-0.027540</td>\n",
       "      <td>0.013344</td>\n",
       "      <td>0.099773</td>\n",
       "      <td>0.002476</td>\n",
       "      <td>-0.924664</td>\n",
       "      <td>1.000000</td>\n",
       "      <td>-0.045967</td>\n",
       "    </tr>\n",
       "    <tr>\n",
       "      <th>value</th>\n",
       "      <td>0.688075</td>\n",
       "      <td>0.105623</td>\n",
       "      <td>0.151948</td>\n",
       "      <td>-0.046701</td>\n",
       "      <td>-0.024650</td>\n",
       "      <td>-0.023737</td>\n",
       "      <td>-0.144160</td>\n",
       "      <td>-0.045967</td>\n",
       "      <td>1.000000</td>\n",
       "    </tr>\n",
       "  </tbody>\n",
       "</table>\n",
       "</div>"
      ],
      "text/plain": [
       "              MedInc  HouseAge  AveRooms  AveBedrms  Population  AveOccup  \\\n",
       "MedInc      1.000000 -0.119034  0.326895  -0.062040    0.004834  0.018766   \n",
       "HouseAge   -0.119034  1.000000 -0.153277  -0.077747   -0.296244  0.013191   \n",
       "AveRooms    0.326895 -0.153277  1.000000   0.847621   -0.072213 -0.004852   \n",
       "AveBedrms  -0.062040 -0.077747  0.847621   1.000000   -0.066197 -0.006181   \n",
       "Population  0.004834 -0.296244 -0.072213  -0.066197    1.000000  0.069863   \n",
       "AveOccup    0.018766  0.013191 -0.004852  -0.006181    0.069863  1.000000   \n",
       "Latitude   -0.079809  0.011173  0.106389   0.069721   -0.108785  0.002366   \n",
       "Longitude  -0.015176 -0.108197 -0.027540   0.013344    0.099773  0.002476   \n",
       "value       0.688075  0.105623  0.151948  -0.046701   -0.024650 -0.023737   \n",
       "\n",
       "            Latitude  Longitude     value  \n",
       "MedInc     -0.079809  -0.015176  0.688075  \n",
       "HouseAge    0.011173  -0.108197  0.105623  \n",
       "AveRooms    0.106389  -0.027540  0.151948  \n",
       "AveBedrms   0.069721   0.013344 -0.046701  \n",
       "Population -0.108785   0.099773 -0.024650  \n",
       "AveOccup    0.002366   0.002476 -0.023737  \n",
       "Latitude    1.000000  -0.924664 -0.144160  \n",
       "Longitude  -0.924664   1.000000 -0.045967  \n",
       "value      -0.144160  -0.045967  1.000000  "
      ]
     },
     "execution_count": 2,
     "metadata": {},
     "output_type": "execute_result"
    }
   ],
   "source": [
    "import pandas as pd\n",
    "import numpy as np\n",
    "import matplotlib.pyplot as plt\n",
    "from pandas.plotting import scatter_matrix\n",
    "\n",
    "df=pd.read_csv('houseprice.csv')\n",
    "\n",
    "df.corr()"
   ]
  },
  {
   "cell_type": "code",
   "execution_count": 3,
   "metadata": {},
   "outputs": [],
   "source": [
    "x=df['MedInc']\n",
    "y=df['value']\n",
    "\n",
    "# print(x,y)"
   ]
  },
  {
   "cell_type": "code",
   "execution_count": 10,
   "metadata": {},
   "outputs": [
    {
     "name": "stdout",
     "output_type": "stream",
     "text": [
      "                            OLS Regression Results                            \n",
      "==============================================================================\n",
      "Dep. Variable:                      y   R-squared:                       0.002\n",
      "Model:                            OLS   Adj. R-squared:                  0.002\n",
      "Method:                 Least Squares   F-statistic:                     43.70\n",
      "Date:                Tue, 12 Nov 2019   Prob (F-statistic):           3.92e-11\n",
      "Time:                        08:31:55   Log-Likelihood:                -32220.\n",
      "No. Observations:               20640   AIC:                         6.444e+04\n",
      "Df Residuals:                   20638   BIC:                         6.446e+04\n",
      "Df Model:                           1                                         \n",
      "Covariance Type:            nonrobust                                         \n",
      "==============================================================================\n",
      "                 coef    std err          t      P>|t|      [0.025      0.975]\n",
      "------------------------------------------------------------------------------\n",
      "Intercept     -1.0970      0.479     -2.291      0.022      -2.036      -0.158\n",
      "x             -0.0265      0.004     -6.611      0.000      -0.034      -0.019\n",
      "==============================================================================\n",
      "Omnibus:                     2400.636   Durbin-Watson:                   0.309\n",
      "Prob(Omnibus):                  0.000   Jarque-Bera (JB):             3324.173\n",
      "Skew:                           0.969   Prob(JB):                         0.00\n",
      "Kurtosis:                       3.335   Cond. No.                     7.14e+03\n",
      "==============================================================================\n",
      "\n",
      "Warnings:\n",
      "[1] Standard Errors assume that the covariance matrix of the errors is correctly specified.\n",
      "[2] The condition number is large, 7.14e+03. This might indicate that there are\n",
      "strong multicollinearity or other numerical problems.\n"
     ]
    }
   ],
   "source": [
    "from statsmodels.formula.api import ols\n",
    "x=df['Longitude']\n",
    "y=df['value']\n",
    "data=pd.DataFrame({'x':x,'y':y})\n",
    "\n",
    "x_in=data['x'].values.reshape(-1,1)\n",
    "y_in=data['y'].values.reshape(-1,1)\n",
    "\n",
    "model=ols('y~x',data).fit()\n",
    "print(model.summary())"
   ]
  },
  {
   "cell_type": "code",
   "execution_count": 16,
   "metadata": {},
   "outputs": [
    {
     "name": "stdout",
     "output_type": "stream",
     "text": [
      "                            OLS Regression Results                            \n",
      "==============================================================================\n",
      "Dep. Variable:                      y   R-squared:                       0.521\n",
      "Model:                            OLS   Adj. R-squared:                  0.520\n",
      "Method:                 Least Squares   F-statistic:                     4481.\n",
      "Date:                Tue, 12 Nov 2019   Prob (F-statistic):               0.00\n",
      "Time:                        09:32:50   Log-Likelihood:                -24655.\n",
      "No. Observations:               20640   AIC:                         4.932e+04\n",
      "Df Residuals:                   20634   BIC:                         4.937e+04\n",
      "Df Model:                           5                                         \n",
      "Covariance Type:            nonrobust                                         \n",
      "==============================================================================\n",
      "                 coef    std err          t      P>|t|      [0.025      0.975]\n",
      "------------------------------------------------------------------------------\n",
      "const          1.6340      0.096     17.039      0.000       1.446       1.822\n",
      "MedInc         0.4369      0.003    139.574      0.000       0.431       0.443\n",
      "HouseAge       0.0170      0.000     37.945      0.000       0.016       0.018\n",
      "AveRooms      -0.0215      0.002     -8.859      0.000      -0.026      -0.017\n",
      "AveOccup      -0.0044      0.001     -8.235      0.000      -0.005      -0.003\n",
      "Latitude      -0.0453      0.003    -17.163      0.000      -0.050      -0.040\n",
      "==============================================================================\n",
      "Omnibus:                     4343.627   Durbin-Watson:                   0.807\n",
      "Prob(Omnibus):                  0.000   Jarque-Bera (JB):            11037.375\n",
      "Skew:                           1.153   Prob(JB):                         0.00\n",
      "Kurtosis:                       5.742   Cond. No.                         811.\n",
      "==============================================================================\n",
      "\n",
      "Warnings:\n",
      "[1] Standard Errors assume that the covariance matrix of the errors is correctly specified.\n"
     ]
    }
   ],
   "source": [
    "import pandas as pd\n",
    "import statsmodels.api as sm\n",
    "\n",
    "salary=pd.read_csv('houseprice.csv')\n",
    "\n",
    "y = salary['value'].values\n",
    "X = salary[['MedInc','HouseAge','AveRooms','AveOccup','Latitude']]\n",
    "\n",
    "X2 = sm.add_constant(X)\n",
    "est = sm.OLS(y, X2)\n",
    "est2 = est.fit()\n",
    "print(est2.summary())"
   ]
  },
  {
   "cell_type": "code",
   "execution_count": null,
   "metadata": {},
   "outputs": [],
   "source": []
  }
 ],
 "metadata": {
  "kernelspec": {
   "display_name": "Python 3",
   "language": "python",
   "name": "python3"
  },
  "language_info": {
   "codemirror_mode": {
    "name": "ipython",
    "version": 3
   },
   "file_extension": ".py",
   "mimetype": "text/x-python",
   "name": "python",
   "nbconvert_exporter": "python",
   "pygments_lexer": "ipython3",
   "version": "3.7.3"
  }
 },
 "nbformat": 4,
 "nbformat_minor": 2
}
